# oST version 5.0 parameters


[image]

width
1920

height
1080

[narrow_stereo]

camera matrix
1078.211947 0.000000 1022.850864
0.000000 1079.930773 556.221611
0.000000 0.000000 1.000000

distortion
0.056855 -0.017849 -0.000777 0.001063 0.000000

rectification
1.000000 0.000000 0.000000
0.000000 1.000000 0.000000
0.000000 0.000000 1.000000

projection
1120.272583 0.000000 1023.696875 0.000000
0.000000 1121.498535 554.825997 0.000000
0.000000 0.000000 1.000000 0.000000

