camera_matrix:
- [701.9926765931418, 0.0, 691.416200792041]
- [0.0, 702.2589880433595, 372.77218342014845]
- [0.0, 0.0, 1.0]
dist_coefs:
- [-0.051141612879260064, 0.19428406217269287, -4.904970719886788e-05, 0.00942663231061605,
  -0.16211548990702968]
rms: 2.769927456915328
